234
234
251
232
235
234
232
241
255
232
237
247
234
241
239
284
281
261
236
237
233
266
268
249
247
232
270
255
248
226
242
247
239
265
282
257
252
248
244
253
230
231
225
248
238
234
241
231
236
439
247
240
233
227
295
236
237
244
229
236
242
267
238
245
240
238
231
230
258
258
236
246
238
255
253
243
239
236
242
240
241
242
232
231
246
232
234
236
231
241
241
243
233
242
240
229
242
229
252
246
232
235
237
258
235
241
230
241
236
228
240
247
320
284
243
280
237
260
277
254
329
383
268
248
250
238
233
280
276
255
248
276
256
235
239
266
235
229
244
251
239
239
230
234
239
240
236
238
243
242
239
243
255
235
241
243
306
242
246
242
238
224
236
224
263
244
263
244
244
219
245
242
236
229
231
232
229
233
263
246
225
234
225
246
274
226
239
240
225
231
224
233
245
244
242
228
245
227
227
235
240
253
225
226
241
240
300
236
241
232
227
223
234
223
238
226
225
226
235
260
215
234
235
232
236
228
233
228
233
227
226
244
226
228
229
226
231
230
227
237
237
238
229
224
240
231
231
224
230
225
244
273
265
231
233
235
243
302
255
240
233
244
235
227
255
234
227
226
233
234
241
240
234
227
229
230
234
224
237
231
239
236
249
232
237
229
361
255
236
282
244
231
233
236
245
236
237
250
240
234
244
234
238
272
239
257
245
249
259
242
229
253
242
238
234
240
232
239
264
227
237
261
244
236
233
251
236
264
267
244
247
230
233
240
231
256
239
238
229
250
228
235
233
381
278
232
253
263
243
398
347
251
346
274
248
242
278
245
244
244
235
308
287
269
243
230
250
235
247
278
244
266
257
257
251
243
239
239
251
235
234
242
266
245
240
235
241
235
234
240
229
240
243
241
234
268
242
229
255
241
232
256
259
274
252
260
235
253
231
305
240
224
250
261
231
236
235
233
236
236
236
242
249
264
233
241
258
244
243
260
253
243
350
245
251
249
237
246
241
247
228
237
259
251
233
246
233
248
574
240
246
237
233
334
246
251
233
231
247
233
232
252
243
247
247
233
246
229
241
247
235
264
248
226
242
251
255
231
238
232
239
231
236
235
244
269
246
238
247
236
241
234
256
236
250
269
246
241
291
248
263
231
255
240
245
272
236
219
252
248
263
276
238
247
234
245
235
264
256
253
289
255
243
242
231
242
239
244
240
263
254
255
243
231
240
232
224
238
240
236
238
243
237
270
239
236
241
250
231
230
277
246
257
254
241
357
256
234
241
239
231
272
244
247
235
236
239
240
238
236
281
245
249
263
241
254
296
228
255
235
242
246
288
237
231
237
255
245
232
239
237
237
245
241
265
227
255
251
396
273
237
249
237
243
252
244
239
233
258
235
240
267
329
241
251
242
238
225
248
244
239
233
237
236
240
238
246
237
238
257
240
244
233
249
241
237
239
233
266
252
260
233
248
248
236
235
232
236
241
239
233
240
238
234
235
232
237
263
241
244
232
260
229
238
241
240
237
231
232
231
232
237
250
255
298
240
252
241
250
232
253
249
226
240
236
254
235
243
248
697
383
249
235
238
236
236
282
241
260
254
379
227
268
248
261
245
235
239
253
231
241
240
239
229
221
260
235
229
225
231
247
231
239
274
240
241
237
364
251
236
239
245
254
240
277
239
228
284
288
234
258
237
232
260
234
230
255
258
234
245
238
253
236
237
237
243
230
248
238
257
241
239
245
313
235
239
239
235
238
247
253
244
241
237
256
234
255
238
233
239
238
245
254
251
246
232
245
268
270
246
239
241
240
231
233
255
293
252
237
275
238
235
248
226
233
289
262
243
228
258
282
233
243
252
249
237
244
253
244
250
239
256
239
240
237
335
330
303
266
273
257
236
299
362
384
388
352
287
246
306
260
248
265
258
246
226
266
233
235
247
333
301
244
233
245
237
242
231
238
246
257
257
231
240
243
242
236
240
231
239
246
228
224
241
233
240
234
245
233
231
242
250
239
237
239
278
