1614
1179
1058
822
839
1119
706
747
1111
563
1073
870
1482
961
793
989
997
982
838
639
1535
1368
950
997
1597
1622
1050
1130
995
2030
1063
1329
1228
1569
1863
1573
1885
1300
1464
2070
1212
1763
2191
1436
1993
2063
1214
1617
1813
1578
914
1508
1540
1449
2043
1088
1077
1647
1937
664
1932
1565
1355
1877
1964
1011
776
1148
1944
1693
1398
2058
1801
1648
1717
1640
1689
1596
1792
1424
1056
1789
1175
1454
1440
1407
1837
1788
1482
1239
1166
1713
1546
1913
1527
886
1967
1658
1422
1314
891
1397
1225
1319
2014
887
1889
1755
1272
1578
1575
1968
863
1425
1426
1516
1461
1121
1853
1550
830
1177
1248
1275
1110
1763
1821
1432
1392
1855
1693
1800
1730
754
1367
1495
1718
887
1497
1166
1127
1483
1372
1887
1691
1370
1076
1813
1537
1440
856
1604
660
1934
1379
1549
1434
1200
799
1209
2086
1637
1334
1202
1210
1226
1474
1733
1420
1672
