30
-26
-18
45
-9
-12
4
0
-16
2
-11
-19
6
14
-8
0
35
-18
-4
26
-8
-32
20
37
-25
-19
16
14
-48
24
10
29
40
-52
-54
16
39
-15
-9
41
-45
10
-5
22
-15
-32
72
-52
-5
43
2
-18
20
6
-73
41
11
-38
48
40
-118
41
-7
63
-78
34
-5
24
-12
15
-24
23
9
-50
-1
24
40
19
-101
69
-46
16
48
-56
-9
29
2
-11
-9
-50
83
36
-127
92
-39
28
-27
22
-46
34
2
-8
6
20
-67
32
-43
103
-28
-31
19
-39
57
-2
-7
-24
0
19
-21
-4
42
47
-94
18
-6
8
-1
4
-16
20
-5
-2
2
-25
66
22
-88
-7
51
-17
17
-34
-7
40
-29
4
19
-55
42
-18
-32
81
-35
5
3
12
-12
-30
14
19
-12
-6
21
-46
-1
83
-67
38
-24
19
-10
4
-12
0
22
-16
11
51
-9
22
-87
53
-42
4
0
9
-20
34
-4
-24
24
-64
70
6
-60
12
10
1
8
15
-16
-4
22
5
0
-23
44
-81
-38
93
-20
3
-17
10
7
-30
38
-31
37
2
-17
60
-67
36
-40
16
-4
0
-8
1
11
5
-39
17
29
19
18
6
-81
4
-24
31
0
27
-43
20
33
-23
-3
-19
54
-52
-62
48
17
-8
25
11
-25
6
3
5
-50
22
-14
63
-34
10
14
-3
-13
4
-20
1
26
-22
-25
34
8
17
20
15
-77
-7
14
11
11
-9
16
-58
35
5
-2
-2
-1
42
-79
4
19
8
