-2
0
-1
0
4
2
-2
0
-1
7
-5
-1
4
-3
0
-1
0
3
0
0
-3
2
6
-4
-2
0
3
-4
3
3
-3
6
-5
1
3
-3
1
1
-1
-2
2
-9
11
4
-5
-6
2
2
3
-4
0
-4
0
5
1
4
-6
3
-2
-3
1
4
-11
-8
5
8
-16
7
4
10
-15
8
-14
19
7
-14
-11
0
-1
13
-1
0
0
3
-6
-3
4
2
-7
0
10
-10
9
0
-7
2
7
-4
6
-4
1
-4
-12
0
2
10
5
-7
1
3
4
-26
19
-2
9
-1
7
-17
20
-7
-10
9
-2
-4
0
2
-9
-1
11
-4
7
-3
-5
-27
26
8
-9
-2
4
1
-11
8
4
-3
5
-6
13
-23
4
6
3
-6
-1
15
-16
11
-11
16
-9
2
-9
-7
10
3
16
-19
0
3
-1
-11
1
15
6
17
-43
10
12
13
-13
5
-23
17
-4
-8
11
2
-13
6
-4
-4
5
6
-4
-7
3
7
-11
8
3
-8
6
-6
-10
29
-16
3
-1
3
-12
17
8
-6
0
-10
10
-3
4
2
-5
2
1
-4
-11
-5
26
5
-9
9
-27
15
-11
-2
-6
6
11
-3
1
-3
1
1
-11
17
-6
-4
0
2
7
-5
0
-1
-18
31
-26
23
-16
19
-30
9
-4
4
9
-2
-2
-8
7
-4
3
3
-5
1
0
-1
1
0
1
-3
0
4
-6
6
-1
-2
13
-6
-1
-3
15
-12
0
-13
1
9
20
-31
33
-38
17
-12
9
0
