-98
61
-50
-77
-122
-87
-126
95
-101
-121
38
30
76
32
-118
-68
30
9
-89
-66
-29
13
-21
-35
21
-93
-85
-77
7
-27
-58
48
-41
-18
116
-94
-72
56
-2
46
-2
-52
52
122
113
-72
-69
98
10
110
106
-21
-67
47
95
-75
18
-116
105
30
113
20
-11
-113
50
-51
32
-38
19
49
-87
2
-51
-57
111
-39
2
93
-32
-107
-91
8
-8
71
-82
40
-23
101
-2
20
65
74
79
-18
124
99
-94
61
11
-120
-25
-90
-89
62
80
-3
115
-56
34
-69
-95
-104
-36
95
-80
41
104
-63
54
25
-38
-82
-37
41
0
-106
48
38
-105
85
18
-8
100
-32
-88
-93
-5
-55
110
-122
93
82
96
-81
-107
-80
15
64
-116
-49
38
-74
29
-66
-68
22
-88
19
81
88
-97
18
-67
-96
116
-36
73
35
-48
-98
51
6
-112
-26
-53
122
-39
40
89
93
-26
-88
70
14
72
125
-82
43
-123
75
-8
105
-99
-114
91
103
30
-108
101
-11
-81
84
-49
-36
-118
-102
-94
108
102
72
28
-84
-10
39
-120
13
-44
50
12
-71
45
62
-29
-90
95
92
-91
76
21
47
-60
33
77
-3
-121
-88
63
20
17
-30
-110
-83
75
-53
124
67
89
42
-70
-49
75
-82
-100
-33
-47
-66
-28
67
80
11
19
-46
-79
-55
-55
46
55
-93
114
-34
71
-23
121
-58
47
-68
3
63
28
69
53
57
57
14
5
-14
56
62
-4
-63
54
-127
-29
-52
-56
-28
-11
84
116
-27
