-69
-81
-32
-30
-20
-73
-76
-77
-80
-99
-94
-56
-43
-83
-51
-103
-77
-35
-55
-35
-50
-57
-75
-24
-34
-27
-76
-81
-95
-100
-95
-94
-85
-94
-111
-41
-48
-35
-36
-32
-46
-32
-76
-35
25
-19
53
-28
4
-35
21
-23
-1
-77
-83
-121
118
-124
111
104
83
110
-44
42
-114
-23
-24
-3
15
-22
-73
-64
40
100
-77
127
31
-75
3
41
28
33
39
-54
-54
-113
3
-68
-36
-50
-50
-81
27
38
57
-15
-61
-15
-41
86
0
-35
8
-4
-1
-60
15
73
-26
67
-39
-58
35
-102
125
-36
-30
33
-83
-44
-126
121
0
91
13
62
-31
21
-32
-8
-62
19
-65
82
-17
-79
122
-118
-89
34
41
54
-89
-29
85
58
-3
43
43
-65
-7
-115
63
-6
15
21
-94
-110
-79
-43
46
6
-16
-15
109
88
24
6
36
96
-50
-23
-34
8
-12
11
69
61
-54
-106
111
57
-50
-103
-109
110
-73
-93
97
86
-82
82
56
17
-8
99
33
-116
104
-116
-100
-80
21
-76
-109
-71
-119
-79
-11
-75
-83
-25
-49
25
13
127
124
81
16
-99
-87
17
0
17
37
27
-3
-123
118
76
-44
-67
1
-108
122
-84
-83
-83
91
56
117
-57
-13
122
50
68
-119
-14
-56
-2
117
-122
60
68
111
78
-17
-81
-109
66
41
36
16
-32
-47
-35
-101
-105
108
81
87
123
70
-94
59
-125
102
75
50
-16
109
25
126
120
-5
12
12
-76
69
-41
-36
102
-28
-126
15
22
-46
54
17
0
