252
254
258
243
234
238
240
226
233
233
229
235
239
237
227
229
236
230
236
231
230
233
258
241
239
228
230
234
242
233
230
237
233
244
232
229
235
233
236
235
232
243
242
231
237
248
240
242
232
233
245
249
231
240
225
241
236
232
247
233
226
236
223
234
247
243
229
244
230
238
229
250
224
233
257
237
229
230
242
231
247
267
259
232
230
231
238
238
237
237
236
244
240
237
229
236
253
257
235
235
241
230
232
244
237
246
231
248
234
227
235
239
230
235
235
235
255
221
233
238
250
228
236
231
241
240
269
234
241
423
285
246
233
237
243
237
235
245
225
239
232
243
231
235
238
235
226
238
255
244
230
243
223
236
243
237
266
253
241
274
293
251
241
229
241
231
233
233
248
240
242
237
232
235
240
227
368
735
237
248
238
233
237
238
243
248
242
235
221
241
230
250
233
230
240
243
248
228
233
233
251
242
244
240
242
252
231
234
234
236
235
240
238
228
228
226
237
248
245
241
239
240
237
261
233
238
241
227
235
256
238
235
242
233
239
243
235
235
242
235
228
236
235
256
232
235
234
235
240
237
234
231
236
239
244
247
261
234
251
232
237
238
256
240
234
240
276
235
237
256
237
236
242
240
238
239
237
236
244
223
235
238
234
234
239
233
236
255
235
238
244
231
239
233
248
237
239
234
242
231
231
247
227
238
242
243
232
235
242
238
251
234
229
240
233
242
226
241
232
236
236
223
225
241
232
242
233
251
236
239
239
232
244
246
234
237
230
242
237
232
236
231
235
240
237
229
235
240
239
233
244
240
236
232
241
239
232
232
236
224
240
236
239
241
237
236
240
241
260
233
237
232
246
224
232
232
233
230
238
231
237
354
244
232
251
231
235
219
246
238
234
239
228
258
237
238
239
237
235
232
228
228
250
235
226
238
237
255
228
248
226
238
221
228
220
277
235
279
278
236
229
233
233
250
252
249
244
236
230
229
230
233
233
232
268
238
235
233
401
241
238
254
243
236
239
241
239
309
327
231
239
246
239
242
241
224
237
226
234
231
259
253
234
244
238
240
226
221
231
232
232
227
237
243
228
284
227
226
240
240
230
235
233
242
229
234
232
323
230
230
236
236
228
252
225
320
406
242
239
227
235
235
240
239
241
241
232
229
247
232
229
237
227
235
227
235
234
261
230
229
237
228
233
239
240
234
234
248
235
230
235
231
228
236
237
240
232
235
244
239
243
248
246
251
243
226
233
249
231
246
254
237
237
225
254
238
233
236
269
247
237
237
229
233
222
229
251
234
239
226
243
239
231
233
230
235
241
234
257
228
236
236
237
238
234
249
231
232
232
235
238
228
238
226
232
227
236
234
244
233
233
237
230
243
245
242
236
229
236
256
241
234
234
243
230
233
246
237
231
236
243
237
224
230
248
250
224
239
239
240
241
232
232
234
236
243
252
236
232
251
232
232
234
235
231
230
251
230
231
225
235
248
231
249
233
228
231
231
230
228
230
238
246
230
229
247
249
226
238
233
234
228
239
272
227
231
226
228
235
235
230
238
230
228
231
265
250
232
230
233
237
227
240
240
234
237
240
239
239
230
243
228
243
224
362
253
243
226
230
242
232
244
239
238
236
232
244
244
229
235
249
239
245
240
249
236
254
247
233
234
236
232
238
223
240
228
236
233
235
229
232
242
238
231
227
259
251
232
229
247
249
235
230
235
239
230
232
251
256
237
230
233
226
234
235
229
268
224
236
256
240
228
261
230
253
225
233
239
234
225
240
241
247
232
237
225
227
250
239
235
227
232
222
228
234
233
230
233
242
235
230
261
237
231
250
274
238
236
242
237
254
255
236
263
259
230
219
230
241
227
225
231
239
251
237
249
239
237
241
235
233
229
247
265
240
233
234
254
236
227
235
256
239
233
236
234
251
250
245
226
229
300
239
231
237
228
234
238
238
227
234
224
271
248
241
230
256
242
234
249
234
233
232
228
233
261
231
242
233
240
238
227
241
251
250
233
235
233
247
234
236
228
231
235
231
231
255
237
239
245
241
233
236
236
228
235
229
229
233
228
229
229
236
233
235
234
241
238
222
234
229
262
246
228
231
234
247
235
274
232
244
269
236
233
223
236
238
228
233
260
251
273
238
238
243
251
232
234
235
234
246
233
231
232
244
234
229
233
233
240
246
222
232
228
257
230
258
245
239
251
223
239
238
231
247
237
222
230
236
231
234
229
239
257
242
226
236
227
231
250
233
238
242
241
236
225
232
238
245
243
228
