1453
1271
2355
1983
1535
2129
1193
1761
2203
1734
1458
1790
1291
1279
1988
1574
1576
1741
1787
1380
1415
1710
1881
1358
1438
1239
1637
2020
2215
1188
1470
1819
984
1437
2357
1633
1623
1860
2138
1602
2203
2233
800
2021
1868
1361
1159
2308
1766
1502
1850
1862
1672
1617
1730
2289
1622
1919
1722
1316
1146
1043
2169
1919
773
1951
1752
1493
1457
1617
1741
1777
1477
1952
1329
918
1249
1219
1855
2227
1823
1957
1819
1761
1327
1756
1444
1300
1747
2071
1638
1567
1632
1558
1515
1742
1687
1144
2037
1639
1892
1952
1455
1738
2256
1622
1705
1400
1701
1315
1231
1598
1269
1518
1346
1071
1860
1292
1755
1859
1137
1797
989
1562
1236
1836
1299
1297
1201
1226
1558
2088
1963
1932
2149
1230
1828
2018
1540
1094
1232
1308
1258
1833
1806
1528
1616
1595
