-85
-92
-79
76
-104
-7
44
-16
82
118
66
-86
87
-48
21
104
-116
95
-10
-99
-88
-75
29
-127
-61
37
80
109
76
-91
-124
104
-49
61
-74
113
90
-105
-13
-105
-43
-83
-84
27
-93
100
-61
-39
99
48
33
-109
-61
-90
102
10
81
77
52
-54
50
-109
-72
17
36
65
126
34
20
19
89
-38
86
28
-20
-68
-28
86
40
21
82
82
-126
-121
-47
-74
-4
68
124
-40
89
59
-96
34
-48
-75
-9
27
57
76
-59
125
60
-107
-87
99
99
-11
71
-7
-96
51
-14
-107
2
113
-6
-52
109
22
106
-22
5
18
-6
49
-81
103
-121
-66
60
76
-105
71
98
70
-29
-61
3
4
-68
42
73
53
17
67
-12
19
-116
-94
85
43
62
7
2
63
-20
-98
52
43
-116
-32
-38
109
-103
25
121
77
-119
-39
-112
40
4
-51
-89
54
-63
23
97
10
123
21
108
59
56
105
71
-114
78
-103
-117
-128
-18
-22
-113
-97
41
81
68
95
-127
-103
-113
-70
86
125
-18
-27
-44
-125
-63
-28
-53
-9
48
17
62
-32
118
-114
64
-122
74
34
-53
74
126
2
124
-114
-10
-126
40
37
74
52
-45
-117
-76
118
96
-118
-14
-70
-100
-51
-24
2
112
-29
-1
55
-78
109
-61
-46
-27
-71
-100
89
53
34
-21
33
113
-14
124
-35
93
-66
-91
-117
111
-19
-109
77
126
-4
35
116
-63
-44
-79
22
-26
80
113
-36
64
-100
105
79
-96
12
-91
73
114
-10
15
47
