24
87
42
-24
-28
-19
-55
-38
-118
88
85
26
8
-29
-10
-97
-117
53
24
-26
-51
-15
-37
76
56
-29
11
-54
-60
-75
41
56
-7
5
-76
-74
-46
-55
58
8
-35
-52
-67
-42
-78
77
26
112
97
35
-29
-74
-30
23
-14
-6
-16
-33
-36
-93
-24
63
49
-4
-34
-37
-23
-53
75
79
61
10
65
9
-11
10
89
35
4
31
-29
25
-6
-97
-20
98
-68
74
-33
-71
4
-34
-7
-18
-102
39
10
38
97
-68
-44
120
93
23
42
-9
-65
126
94
-121
60
-1
52
48
-85
80
62
67
-117
112
-64
11
-59
-98
-88
-109
114
115
114
6
-40
56
-11
-92
-19
-82
-46
47
-86
119
17
-58
-125
94
-125
-85
-3
-58
84
92
-111
91
63
75
-35
-98
72
-78
-62
-75
-85
-122
-39
-80
-49
-43
92
6
22
9
-51
-41
-120
65
-20
-80
52
-2
6
-52
-53
-73
107
-46
121
-81
104
-74
-20
113
-46
8
5
-33
-94
-128
-113
-100
-67
26
-10
-80
-66
72
103
-8
53
87
-4
-98
-106
-88
-86
6
110
38
-124
82
-33
11
106
-60
-71
76
35
-52
18
124
-37
90
103
80
21
96
4
-35
20
87
42
10
-38
-113
51
-48
0
97
60
88
63
36
-92
-52
122
-111
81
0
-12
32
-53
57
-107
-41
94
-5
-76
114
9
-27
68
-80
-67
28
15
-99
-71
-69
74
92
0
104
-78
-103
35
-13
-26
-83
-12
-22
-83
-62
-36
-67
-33
-72
-80
71
-69
78
24
-12
