-1
6
-8
6
-5
0
4
-6
14
-5
-6
0
4
1
-5
13
-15
0
12
-9
6
-5
0
0
1
-1
-1
1
3
-4
-2
6
0
-10
5
3
-2
0
-4
5
-1
0
4
-4
0
9
1
-9
-3
2
0
0
0
0
0
0
-1
2
0
0
0
-2
3
-2
2
-3
0
4
-9
4
0
2
2
-2
0
0
-4
2
2
-2
0
3
-2
5
2
-15
0
11
-7
0
4
-7
6
6
-4
-2
1
-6
8
13
-24
4
1
2
1
-2
0
1
-5
3
3
-4
1
1
-1
0
3
-7
-1
4
3
10
10
-14
-12
23
-26
5
-12
29
-2
-17
-7
32
-22
-1
15
-16
0
7
8
6
-24
12
-7
7
-10
1
1
6
-15
17
-16
14
12
-5
15
-40
3
12
7
-17
9
3
-1
-1
-15
12
-4
-9
2
7
-3
-1
6
13
-16
-1
9
3
-4
-7
-7
13
-13
33
-9
-5
0
-14
20
-27
38
-19
0
-1
6
1
4
-10
10
3
-11
-13
14
-14
21
-15
19
-15
-1
4
-15
-8
17
-6
-9
13
13
-43
13
2
35
-3
-20
8
-2
-15
8
34
-8
-12
3
-10
11
7
-37
15
4
-1
5
3
-14
-5
28
-16
6
12
-19
2
10
-20
15
-6
0
2
3
-1
2
19
-17
-8
4
-7
16
-12
10
2
-8
-3
3
2
-13
15
4
-27
17
5
-18
-4
28
-25
22
-4
-14
10
-2
4
15
-4
-13
12
-2
-19
12
1
5
-9
9
-6
