-38
13
3
36
-46
21
18
28
5
3
-85
56
-23
2
18
-36
29
-5
-1
0
14
8
-22
-6
16
-29
-3
23
36
-56
-15
42
-10
-19
13
9
-5
3
-19
25
-9
40
-88
113
-94
-6
12
-10
24
24
-58
85
-15
-80
41
44
-61
103
-91
-25
56
34
-10
-37
35
-15
-46
32
-7
32
-53
40
4
-32
-12
98
-93
31
25
-32
56
-34
-24
52
-69
46
-28
-16
40
7
-64
60
31
-83
37
14
20
-37
0
25
-37
4
-5
-37
58
-30
18
2
-21
73
-63
35
17
-108
73
-57
18
39
12
1
18
-7
-12
-10
53
-81
63
-70
46
-16
-15
23
-72
44
60
-3
-63
30
10
1
-13
21
-12
-12
31
-31
7
60
-42
-12
-11
7
8
-40
4
-14
0
34
11
-72
58
1
10
18
-40
24
-16
-35
22
-7
-13
7
11
-6
24
-33
-4
-11
54
-40
-22
43
13
-30
15
-48
-37
79
20
-5
9
-70
83
-96
6
57
5
-32
-9
80
-12
-18
7
-10
-23
9
-16
-21
18
71
-63
5
-49
28
-15
56
-34
-7
22
10
32
-60
-14
9
79
-70
-11
9
32
-21
32
-48
33
-53
70
-65
10
4
0
10
-65
89
-10
-22
15
-1
3
20
-21
-32
-31
77
8
-35
42
-10
27
-77
25
8
29
-23
-4
4
-32
56
-35
31
-30
-18
20
5
7
45
-40
-30
-6
18
34
10
-69
50
-22
-15
25
-16
-20
-5
35
11
-43
75
-7
-48
5
11
-15
20
-65
94
